Reference	Position	Substitution	p.value	ratio.of.freq.set_a	sum.of.substitution.counts.set_a	treated.substitution.counts.set_a	treated.total.counts.set_a	untreated.substitution.counts.set_a	untreated.total.counts.set_a	ratio.of.freq.set_b	sum.of.substitution.counts.set_b	treated.substitution.counts.set_b	treated.total.counts.set_b	untreated.substitution.counts.set_b	untreated.total.counts.set_b	ratio.of.freq.set_c	sum.of.substitution.counts.set_c	treated.substitution.counts.set_c	treated.total.counts.set_c	untreated.substitution.counts.set_c	untreated.total.counts.set_c	
M	204	V	2.18e-103	149.408347207073			17419		17122	29.1543911335578			9504		6250	34.8538202555998			21831		18225	
M	204	I	3.23e-17	26.539640622309			17419		17122	27.2911405723906			9504		6250	1.43112350065765			21831		18225	
D	206	H	1.34e-15	0.0264624617806204			17617		17249	Inf			9883		6369	Inf			21459		18461	
D	205	H	1.08e-13	0.0257224487098218			17519		17124	Inf			9635		6289	35.1072601915691			21611		18282	
P	346	S	4.85e-13	0.911380404449711			37370		29801	3.68105465485542			23932		12585	8.64827098100444			25561		39863	
D	263	V	2.41e-10	0.893062034207281			24868		19036	3.83791717184609			15671		7518	16.6572495534989			20530		25648	
N	238	D	4.23e-09	1.25193124368049			24725		20636	1.58273568913809			15338		8092	13.1855073887392			23269		25267	
Q	67	K	1.5e-07	Inf			12570		8546	Inf			4750		3294	Inf			10227		11532	
A	96	D	6.39e-06	0.52105580517788			17137		13394	Inf			7515		5016	9.09583577507413			16333		16249	
H	90	L	8.64e-06	31.4673932149763			17067		12787	Inf			7320		4821	3.10508496646917			15359		15897	
R	345	W	1.11e-05	0.743921935570111			37405		29814	13.8082852845325			23934		12590	0.891187311515693			25580		39894	
Y	245	C	8.91e-05	1.44439343704837			26140		21238	30.9880880760438			16622		8444	0.591305109233396			22841		27012	
T	184	S	0.000152	2.92032446463335			15410		15518	1.36984043254649			7583		5540	2.76083404868053			20636		16617	
M	98	L	0.000176	0.473567921440262			17108		13503	1.67504963600265			7555		5062	15.7733244535933			16517		16283	
N	65	T	0.000468	1.70342288031572			11702		7831	23.235158766682			4346		3060	1.40975365827982			9499		10713	
P	237	S	0.000472	0.83581418172896			24454		20439	64.5757979609515			15007		8009	0.813129777623349			23024		24962	
A	313	E	0.000559	4.85249954983646			41343		32242	1.05477697115571			25759		13585	1.26432717964085			28517		44067	
S	75	P	0.000792	0.622852467957458			14668		10278	0.822379507920458			5934		3904	9.16116140608433			12261		13479	
G	244	C	0.000801	20.3505130865906			26019		21180	2.79999394012847			16502		8401	1.02924470371508			22799		26818	
S	246	Y	0.0011	3.63767123287671			26280		21244	1.51925845932325			16668		8441	1.69127784744187			22899		27110	
